-4904.846,4311.208 -4110.412,-4249.337
4150.213,5068.257 -4426.339,4480.572
-3678.014,-4461.697 4745.370,-4093.844
4738.949,0.000 4374.408,4858.702
4987.951,-3318.768 4738.949,0.000
3582.397,4097.856 2643.872,4497.967
4040.654,4284.561 3532.972,4736.901
4131.800,661.300 3983.528,2578.435
3111.668,2605.544 3442.412,3463.070
3787.795,3886.847 2618.114,3853.107
3521.547,4395.676 2818.744,4681.662
1813.964,4471.597 674.606,4534.741
-3950.025,2966.965 -4146.090,1590.435
-3655.623,4294.377 -4567.675,3618.786
-3852.146,-2943.628 -2609.987,-3358.070
-4067.211,-3830.023 -2800.543,-4072.399
-2648.776,3010.881 -3606.301,3901.127
271.587,3633.809 -427.161,4600.793
2272.834,3183.535 2074.397,4037.950
3392.861,925.583 3002.109,1821.848
-740.819,-1453.007 115.051,-2409.907
-3660.723,2648.998 -3691.990,1341.937
-3088.060,-1088.285 -1628.567,-2601.483
2258.986,-1771.397 3211.843,-1867.873
3713.007,0.000 3881.849,225.996
3282.153,-576.700 3713.007,0.000
3991.383,-2412.635 3812.889,-838.178
3082.901,2244.070 2580.626,3604.405
2951.435,1988.099 2254.242,2690.493
2502.843,2898.799 1888.202,3267.235
2211.576,4464.532 1728.810,4105.761
379.693,4436.301 -74.306,4439.004
163.379,3077.112 -491.862,3726.026
-1034.023,3646.279 -1840.979,4056.566
-3853.447,3674.025 -4323.232,3391.890
-4338.712,2369.668 -4215.254,1017.850
153.713,1979.708 -737.044,2251.158
-1511.918,2002.150 -1987.415,1549.402
13.015,3065.483 -1046.902,3323.850
1210.315,2742.110 631.710,3378.043
1609.381,2716.250 1314.060,3600.988
1211.259,3952.287 856.950,4132.870
1858.695,1203.995 1287.563,1254.362
1821.207,955.293 1156.097,998.393
1824.216,671.908 1267.518,780.116
1974.371,520.760 1485.865,394.838
1580.637,135.409 2063.853,303.597
1214.550,-751.680 1751.224,-439.372
662.620,-1422.164 1048.388,-1958.392
-410.477,-1445.003 615.948,-1771.573
-1386.478,-825.339 -861.166,-1766.909
-3132.078,458.756 -2703.735,-434.601
-3765.514,825.738 -3982.133,203.933
-4042.065,-1710.396 -3378.000,-2717.878
-4341.007,932.492 -4197.503,54.921
-4002.255,3397.807 -4412.644,2836.646
-2820.155,-2107.498 -2361.591,-2658.176
-2865.626,-541.661 -1990.450,-1589.539
-1599.902,-1994.215 -1083.498,-2559.327
-2945.602,-2930.238 -2238.643,-2781.022
-3060.976,-3638.752 -2405.940,-3796.078
-3768.140,-3296.380 -3429.618,-3761.803
-4091.081,-2054.529 -4058.998,-2713.823
-3695.535,-568.032 -3967.189,-967.199
-4221.502,-1346.117 -3727.005,-1383.504
-1678.731,-3664.203 -1168.141,-4154.134
-983.502,-3118.830 -421.193,-2810.630
-953.486,-2284.562 -435.832,-2376.881
402.900,-2709.078 1183.792,-3026.841
-237.395,-3231.296 309.127,-3207.935
-57.321,-1648.016 856.593,-1974.398
2853.917,1464.378 2049.664,2328.662
297.989,1822.476 -631.779,1626.631
-463.834,2385.736 -1163.730,2634.131
-2151.066,2198.520 -2447.331,1873.081
-964.044,2252.510 -1739.121,2495.091
-1244.318,1720.321 -1786.378,1394.779
-1929.881,2272.350 -2452.941,1456.674
-1867.170,972.558 -2089.809,917.523
-675.657,4586.286 -809.420,4354.208
-405.156,4332.959 -660.759,4167.314
-429.995,3975.099 -700.401,4000.866
-556.997,3580.162 -736.486,3863.868
-749.945,4037.880 -934.180,3930.269
-868.864,4594.684 -1053.517,4417.021
-891.688,3682.648 -1220.641,3937.290
-1169.178,3573.661 -1260.992,3327.322
130.423,2915.614 -185.521,3002.045
946.223,2552.748 434.829,2676.579
663.578,3038.539 290.851,3406.497
-84.058,3651.750 -165.003,4094.789
594.076,3861.744 151.295,4230.118
874.100,4315.196 755.975,4031.812
1597.881,2048.817 1141.768,2287.789
1273.807,3447.509 1127.294,3832.962
1025.099,3871.739 853.267,3980.986
963.656,2478.241 604.961,2362.973
1830.503,1681.693 1792.403,2098.872
588.646,1894.906 -17.444,2262.320
-402.323,1806.593 -669.652,1943.465
1543.246,-1771.544 2038.136,-1908.321
1712.158,-2371.162 1982.438,-2093.516
1920.743,-2880.186 2108.087,-2737.326
1950.288,-3111.304 2135.035,-3161.201
1758.970,-3353.668 2063.699,-3295.090
2063.376,-3592.703 2287.860,-3703.713
1970.633,-3751.588 2258.055,-3921.916
1643.088,-3666.055 1849.785,-3924.317
969.441,-3934.052 1432.511,-3734.856
666.380,-3712.418 779.374,-3966.257
7.860,-3874.215 292.464,-3706.327
-358.974,-3733.369 -317.379,-3969.390
-1232.620,-3754.257 -552.181,-3724.972
-1156.507,-3304.905 -659.450,-3219.782
-1218.162,-3111.281 -618.700,-2563.103
-1533.327,-1676.889 -906.343,-1861.801
-1613.432,-886.449 -1349.504,-1291.996
-1656.245,-87.587 -2010.903,-255.058
-1843.526,-382.155 -1809.849,-893.036
-2151.112,-1082.812 -1714.517,-1597.542
-2526.751,-149.078 -2290.447,-790.165
-3034.305,-678.478 -2620.077,-1054.896
-3027.773,-1366.511 -2544.680,-2105.212
-3223.931,-1772.632 -3176.670,-2760.938
-3027.489,-2049.192 -2897.386,-2675.152
-3327.331,92.429 -3165.636,-1394.678
-3076.954,-51.589 -3111.630,-357.695
-3452.688,1109.705 -3531.013,613.502
-3985.553,1360.247 -3788.276,1223.792
-4254.881,-136.856 -4343.846,-797.264
-3703.010,45.868 -4116.506,-266.195
-4862.056,697.280 -4735.219,415.336
-4682.024,180.213 -4784.990,-72.824
-4712.119,-411.457 -4581.756,-588.096
-4582.110,-809.856 -4697.158,-982.136
-4573.430,-1299.331 -4719.305,-1374.799
-5183.903,4255.120 -4974.483,3886.203
-4899.912,3751.928 -5098.345,3450.663
-5035.855,3397.146 -4839.830,3050.532
-4834.384,2829.221 -4990.963,2741.255
-5017.691,2634.156 -4769.077,2437.487
-4802.053,2335.740 -4938.091,2208.517
-4950.494,1991.660 -4717.038,1764.643
-5027.536,1629.763 -4741.428,1400.983
-5196.660,3816.504 -5122.829,3314.563
-4787.776,4489.984 -5079.141,4484.955
-4541.532,4625.731 -4579.317,4284.374
-4725.703,4366.414 -4972.909,4393.976
-4513.207,4108.600 -4814.889,4236.980
-4703.179,3848.835 -4557.917,3253.222
-4011.359,4409.992 -4207.612,4231.431
-3443.433,4611.462 -4447.379,4615.507
-3199.722,4402.743 -3351.783,4180.921
-3434.878,4425.402 -3736.049,4396.274
-3643.149,4175.891 -3821.937,3846.970
-3548.233,3401.333 -3776.597,3185.279
-3365.281,3374.637 -3378.519,3017.674
-3034.848,3855.328 -3365.116,4051.518
-3106.082,4550.028 -2952.934,4305.128
-2863.622,4131.149 -3054.618,4186.398
-3016.038,3687.566 -2725.412,3324.929
-2591.776,3860.421 -2548.710,3303.585
-2177.800,4090.830 -2503.550,4153.162
-2120.402,4480.384 -2352.000,4532.492
-1314.502,4320.980 -1640.701,4389.113
2086.636,-684.790 2484.432,-428.276
2094.690,-1372.699 2799.833,-1295.587
1144.557,-1784.804 1775.193,-1036.212
676.090,-2295.107 1437.457,-2507.120
-1476.717,-1897.237 -953.579,-2093.812
-1947.543,-2960.803 -1395.206,-2805.211
-1999.001,-3754.901 -1804.602,-4225.225
-1017.750,-3453.262 -342.857,-3276.904
-77.969,-3053.245 366.565,-3109.163
827.221,-2497.879 1578.236,-2721.980
2539.589,-2309.006 3108.597,-2806.793
3457.675,-1628.481 3066.456,-1094.368
3505.708,-2979.253 3520.962,-2300.830
3406.704,-3596.430 2812.591,-2919.986
2741.235,-3602.748 3407.633,-3754.382
3713.930,-3482.370 3918.133,-2620.022
1472.059,-329.239 2016.992,-57.746
969.169,-1644.060 1216.055,-986.414
-686.743,1753.253 -1031.848,1399.228
1036.281,1220.556 660.683,1552.704
1611.059,1377.884 916.147,1606.324
2260.345,863.730 2026.150,1556.724
2709.827,-715.604 2662.160,-245.220
3579.485,-1889.958 3009.670,-1527.681
2403.088,-2003.516 3198.116,-2212.926
2773.967,-3442.193 2608.022,-2901.945
845.688,-3320.430 1498.141,-3145.808
-894.951,-4019.423 -472.857,-4077.076
-3015.527,-4330.165 -2554.627,-4305.807
-4403.313,-4629.384 -3689.674,-4224.281
-3827.606,-4630.008 -2484.519,-4774.455
-1630.847,-4866.455 -678.050,-4634.742
413.791,-4595.447 1637.672,-4512.079
2741.600,-4483.137 3640.093,-4424.934
4399.297,-3587.386 4696.247,-1589.126
4218.889,2685.740 4400.713,3399.622
3061.965,3487.967 2282.375,3935.606
1776.289,4641.433 963.159,4793.006
-1863.642,770.526 -2182.956,666.818
-689.620,-1712.201 -452.076,-2156.612
278.485,-1970.305 647.978,-2150.545
365.735,-2149.799 620.948,-2530.763
1272.441,-2124.823 1552.918,-2029.763
1897.931,-1455.641 2038.093,-1224.696
2904.196,-1112.562 2453.991,-910.345
2170.202,-305.843 2473.957,-146.901
2975.336,0.000 2926.956,198.537
2993.098,-72.889 2975.336,0.000
3228.793,820.113 2940.787,1187.254
3956.421,1550.761 3599.436,1419.393
3527.697,747.398 3620.671,990.040
4038.594,0.000 4077.672,315.752
4008.208,-245.524 4038.594,0.000
4366.120,-1115.191 4037.465,-550.843
4238.840,-1739.675 4430.550,-1535.290
3489.968,-2092.905 3845.910,-2025.469
3677.198,-2862.596 3658.190,-2281.425
2896.663,-2290.439 3376.731,-2408.947
2806.251,-2824.203 3236.501,-3124.150
3349.592,-3193.222 3565.572,-3380.044
3858.928,-3612.760 4249.118,-3343.141
3958.986,-2790.919 4245.246,-2467.482
4210.084,-1935.448 4353.641,-1882.443
4098.565,-1241.711 4471.460,-1212.870
4415.226,-640.564 4527.784,-160.956
4461.925,71.397 4559.261,464.027
4580.095,633.247 4528.188,1072.200
4257.704,1705.755 4410.971,1891.204
4134.073,2169.091 4414.472,2645.717
4356.695,2154.383 4455.377,2245.820
4481.709,2034.355 4116.001,1964.168
4524.388,1405.130 4216.115,1546.902
3884.628,1008.460 3698.893,1113.815
3540.449,1640.305 3742.645,1941.279
3433.084,2615.709 3102.038,2484.352
3086.483,3201.474 3014.770,3199.919
-3256.571,1264.270 -2367.623,502.957
-1855.254,3435.000 -2352.296,3148.236
-2350.378,2685.601 -3160.097,2939.024
-1673.247,3708.687 -1540.902,3019.104
3925.304,2979.081 3692.966,3356.171
2579.796,2716.995 2064.469,2812.588
1791.285,3863.763 1501.414,3525.296
980.941,3541.480 478.570,3615.500
-936.619,2794.942 -1595.208,2845.593
-3444.289,-683.635 -3494.012,-1500.173
-2051.068,-3081.684 -1404.569,-3121.983
-369.134,-2353.370 -76.416,-2635.491
944.997,-3436.911 1514.629,-3358.993
997.844,2142.443 800.767,2080.351
1043.738,2231.533 906.055,2234.233
-3517.098,3042.413 -3241.731,2767.046
1122.029,1850.878 1059.936,2026.357
1057.237,2137.044 881.758,1977.763
949.249,2180.239 803.467,2131.645
-5358.399,3304.775 -5541.977,3164.392
-1462.606,622.368 -1513.900,398.294
-1138.644,557.575 -1403.213,568.374
-5485.285,2972.714 -5720.157,3029.408
916.853,1829.281 773.770,1934.568
-3390.213,2710.352 -3568.392,2796.742
-3050.053,2256.806 -3209.335,2146.119
-3222.833,2667.158 -3209.335,2464.682
-3093.248,2494.378 -2858.376,2275.704
1165.224,1791.485 908.754,1934.568
1178.722,1734.792 978.946,1750.990
989.745,1815.782 846.662,1791.485
711.678,1899.472 738.674,2018.258
-5574.374,3110.398 -5644.566,3051.005
-5428.591,2872.826 -5614.869,2886.325
-3444.637,524.223 -3622.816,481.028
-1411.312,500.882 -1446.408,395.594
-5285.508,2702.746 -5458.287,2627.155
-3385.977,190.251 -3399.475,57.967
-5450.189,2851.229 -5647.265,2751.341
-5223.415,2959.216 -5396.194,2980.813
-2768.856,1479.027 -2606.875,1381.839
-5382.696,3145.494 -5460.986,3126.596
-2542.000,1233.244 -2636.489,1165.752
-2515.004,1190.050 -2622.991,1109.059
-2477.208,1146.855 -2577.096,1090.161
-2469.109,1106.359 -2539.301,1046.967
-2329.619,1019.609 -2424.108,908.922
-949.305,2111.545 -995.200,2006.257
-908.810,1855.075 -1068.091,1890.171
-957.404,1779.484 -1186.877,1803.781
-5193.903,60.483 -5004.925,-69.101
-1397.814,438.789 -1387.015,298.406
1101.296,-326.015 1255.178,-344.913
841.423,-573.294 984.506,-581.393
1344.267,-417.804 1390.162,-296.318
1238.980,-285.520 1330.769,-231.526
-5507.854,198.387 -5669.835,144.393
-5618.541,55.304 -5699.531,-20.287
-952.005,1838.877 -1189.577,1865.874
-5204.517,2708.146 -5350.300,2486.772
-5433.991,2683.849 -5574.374,2629.855
-3585.653,130.380 -3588.353,41.290
-3250.260,319.047 -3401.442,254.255
-3223.263,200.261 -3263.758,78.776
-3561.356,170.875 -3534.359,-23.502
-5756.470,2994.440 -5746.473,2941.119
-5681.488,2991.108 -5698.984,2931.955
-5638.165,2932.788 -5683.154,2901.129
-5605.673,2855.306 -5670.657,2875.302
-5695.651,2900.296 -5709.815,2859.472
-5787.296,2970.279 -5792.295,2918.625
-5670.657,2826.980 -5754.804,2822.814
-5698.984,2773.659 -5680.655,2723.671
-5412.385,2843.642 -5472.371,2815.316
-5239.093,2895.297 -5334.070,2846.975
-5346.567,2932.788 -5452.375,2940.286
-5613.171,2986.109 -5542.354,2928.622
-5465.706,3050.260 -5582.345,3048.594
-5482.369,3156.902 -5463.206,3097.749
-5306.577,3076.087 -5379.893,3116.078
-5400.721,3108.580 -5441.545,3102.748
-5226.595,2886.132 -5266.586,2821.148
-2497.389,1310.982 -2436.571,1251.829
-5348.233,2602.866 -5407.385,2588.703
-3117.794,2000.152 -3178.613,1967.660
-3105.297,1977.658 -3115.294,1931.002
-3045.311,1916.006 -3080.303,1899.343
-5337.165,273.041 -5376.322,223.885
-2950.334,1852.687 -2999.489,1840.190
-2926.173,1815.196 -2992.823,1803.532
-5352.994,160.567 -5287.177,148.070
-5376.322,122.243 -5421.311,30.598
-5497.127,24.766 -5446.306,0.605
-5555.447,-23.556 -5577.108,-86.874
1091.035,-440.897 1053.544,-410.071
1389.657,-548.366 1490.466,-454.222
1342.168,-469.218 1407.413,-390.643
1307.177,-447.556 1327.172,-284.262
-4999.373,-89.649 -5120.178,-143.803
-5221.821,32.822 -5146.838,-13.834
-5414.418,-61.467 -5341.936,-135.616
-5293.470,-133.806 -5158.502,-155.467
-199.427,-1828.807 -176.933,-1726.331
-1532.557,593.288 -1539.223,539.967
-1471.738,699.096 -1626.702,567.461
-1406.754,699.096 -1400.922,644.942
-1445.911,671.603 -1488.401,627.447
-1445.078,605.785 -1429.249,531.636
-1328.439,499.144 -1335.104,435.825
-1296.780,519.139 -1251.791,462.486
-1309.277,636.611 -1385.926,623.281
-1355.933,716.592 -1411.753,734.088
-1319.275,701.596 -1355.933,684.933
-1191.805,595.787 -1284.283,613.283
-3712.466,351.948 -3632.485,271.967
-3679.140,441.927 -3737.460,408.601
-3721.630,509.411 -3764.120,486.916
-3576.665,591.058 -3635.817,558.566
-3351.596,2382.423 -3378.994,2290.560
-3188.822,2290.560 -3287.131,2185.804
1107.469,-294.869 1213.836,-256.190
1175.157,-520.496 1239.622,-423.799
804.106,-629.437 895.968,-676.174
1383.057,-473.759 1463.638,-357.722
-5622.718,78.064 -5698.464,28.103
-2942.244,2098.777 -3095.348,2100.388
-3043.776,2326.016 -3174.317,2356.637
-2945.467,2230.930 -2858.439,2124.563
-2792.362,2016.584 -2972.864,2042.370
-2771.411,1992.410 -2893.895,1927.945
-2842.323,2234.153 -2760.130,2074.602
-2351.374,943.261 -2436.790,861.069
-927.115,1928.858 -1088.277,1970.761
-5384.957,2557.192 -5391.403,2457.272
-5049.739,2702.238 -5151.271,2703.850
-2390.012,1258.380 -2262.694,1182.634
-3348.373,2433.995 -3279.073,2367.918
-2990.592,2301.841 -3125.969,2282.502
-3006.708,2201.921 -3156.589,2129.398
-2910.011,1956.954 -3006.708,2018.196
-5443.827,221.498 -5521.185,108.685
1008.782,-524.682 1081.305,-477.944
1816.558,-741.887 1884.246,-677.422
1642.503,-970.738 1698.909,-814.410
1731.142,-894.991 1956.769,-740.276
-2858.439,2495.236 -2640.870,2148.737
1281.781,2009.077 1215.704,2142.842
998.135,1980.068 819.245,1946.224
-5386.569,3325.937 -5531.614,3242.132
-3353.319,-51.415 -3388.775,-109.433
-3093.485,117.618 -3064.475,-17.758
-3851.924,355.316 -3888.991,321.472
1299.252,-199.783 1204.166,-162.716
-3315.334,2201.115 -3306.470,2147.125
-3196.880,2332.462 -3292.772,2304.259
-2096.697,1055.316 -2122.483,990.851
-3320.169,2504.100 -3366.101,2537.138
-3401.556,2672.515 -3494.225,2691.048
1353.320,1732.678 1390.927,1799.913
-3363.662,2750.279 -3345.998,2700.706
-3204.535,2706.762 -3141.279,2611.273
-2971.656,2524.648 -3096.557,2568.162
-2906.402,2468.515 -2908.966,2411.820
-2931.758,2316.095 -2977.626,2258.830
-2926.914,2251.993 -2847.428,2165.099
-2953.410,2195.298 -3042.868,2150.284
-2880.761,2066.810 -2986.458,2056.268
-2696.147,2166.524 -2720.648,2073.647
-2812.101,2300.710 -2813.525,2213.247
-2872.499,2404.983 -2887.598,2377.918
-2942.584,2523.500 -2996.144,2469.939
-3072.497,2692.729 -3026.628,2604.126
-3149.989,2793.013 -3113.237,2719.795
-3234.889,2882.471 -3169.077,2821.788
1416.852,1863.446 1415.998,1912.163
1336.796,1918.431 1317.138,2028.686
1372.978,1945.496 1376.112,1972.561
1408.021,1943.502 1361.013,1884.528
1497.479,1852.335 1431.382,1833.531
-3325.486,2787.885 -3367.936,2779.623
1315.144,1758.888 1306.597,1831.822
1136.513,1830.967 1170.131,1894.784
1039.648,1939.228 1028.822,1929.542
-3543.128,383.536 -3581.806,273.946
-3520.565,203.035 -3678.504,135.346
-3551.186,449.613 -3439.984,360.974
1197.976,2015.523 1112.560,2042.921
1025.532,1797.954 933.670,1744.771
-5109.115,3157.106 -5109.115,3066.855
-5364.006,3051.961 -5451.033,2997.166
-3317.500,406.099 -3425.479,327.130
1175.157,-552.729 1279.913,-473.759
-5835.452,97.403 -5753.259,92.568
-5413.207,190.877 -5490.564,103.850
-2238.476,118.342 -2087.293,-119.229
-2368.060,361.314 -2419.354,137.240
-2044.099,296.521 -2308.667,307.320
-2152.086,107.544 -1984.706,-97.632
-2316.766,239.828 -2351.862,134.541
-2219.578,-24.741 -2022.501,-216.418
-1736.335,291.122 -1749.833,158.838
-2303.268,177.735 -2292.469,37.352
-1860.520,237.128 -1863.220,148.039
-1836.223,277.624 -1809.226,83.247
-1655.345,85.946 -1682.341,48.151
-1960.408,94.045 -1836.223,18.454
-1983.953,-128.490 -2032.274,-133.489
-2488.000,113.952 -2478.835,41.470
-2462.172,41.470 -2386.357,13.976
-2356.364,-19.349 -2368.861,-53.508
-2294.712,-71.004 -2358.864,-73.503
-2286.381,-90.999 -2290.547,-128.490
-2263.886,-163.482 -2198.068,-167.647
-2228.061,-229.299 -2153.912,-226.800
-2542.154,84.793 -2464.672,17.309
-2470.504,154.776 -2369.694,82.293
-2312.208,438.042 -2306.376,383.889
-2350.532,344.731 -2334.703,270.582
-2233.893,238.090 -2240.558,174.771
-2202.234,258.085 -2157.245,201.432
-2214.731,375.557 -2291.380,362.227
-2224.729,440.542 -2261.387,423.879
-2189.737,352.229 -2097.259,334.733
-2147.247,434.710 -2067.266,354.729
-2113.922,524.688 -2172.241,491.363
-2156.412,592.172 -2198.902,569.678
-1998.860,126.245 -2035.927,92.401
-1977.909,466.298 -2016.588,356.707
-1955.346,285.796 -2113.285,218.108
-1985.967,532.374 -1874.765,443.735
-2069.771,100.459 -1961.793,8.597
-1969.851,177.817 -2071.383,147.196
-1197.162,-677.527 -773.312,-718.023
-1407.737,-445.355 -1224.158,-526.345
-1553.519,-472.352 -1504.925,-596.537
-1261.954,-898.901 -1027.082,-966.393
-1656.107,-531.745 -1518.424,-647.831
-1021.682,-799.013 -878.599,-823.310
-1234.957,-564.141 -962.289,-610.035
-843.504,-826.010 -932.593,-942.096
-1224.158,-958.294 -1132.369,-1055.483
-1359.142,-677.527 -1348.344,-774.716
-1280.852,-199.684 -1307.849,-237.479
-1108.745,-334.972 -1141.237,-407.455
-1098.747,-404.956 -1026.265,-479.105
-1053.758,-553.254 -918.790,-574.915
-1234.549,-459.110 -1113.744,-526.594
-1242.880,-607.408 -1129.573,-610.740
-1151.235,-712.383 -979.609,-762.371
-1127.907,-800.695 -990.440,-946.494
-1061.256,-817.358 -958.781,-896.506
-1389.512,-527.427 -1168.731,-734.878
-1332.025,-516.596 -1297.034,-568.250
-1542.809,-387.460 -1489.488,-474.106
-1501.985,-684.889 -1428.669,-798.196
-1441.166,-584.080 -1463.661,-686.556
-1705.270,-636.568 -1648.617,-663.228
-1609.460,-692.388 -1591.964,-744.875
-1536.144,-787.365 -1492.821,-797.363
-1463.661,-831.521 -1458.662,-873.178
-1253.694,-230.296 -1289.149,-288.315
-1533.003,-337.848 -1295.969,-337.848
-1305.266,-662.211 -1205.345,-794.365
-346.515,2848.165 -543.592,2786.073
-300.621,2937.255 -438.304,2939.954
-222.330,2556.600 -284.423,2732.079
-287.122,2842.766 -462.601,2683.485
-395.109,2885.961 -540.892,2837.367
-427.506,2535.002 -570.589,2640.290
-179.135,2497.207 -435.605,2640.290
-165.637,2440.513 -365.413,2456.712
-354.614,2521.504 -497.697,2497.207
-605.684,2723.980 -632.681,2605.194
-297.697,2245.712 -358.516,2304.865
-62.578,2714.799 -128.655,2848.563
-346.224,2685.789 -525.114,2651.945
72.494,2569.167 71.639,2617.885
-7.563,2624.152 -27.221,2734.408
31.753,2678.283 28.619,2651.218
63.662,2649.223 16.654,2590.250
-29.215,2464.610 -37.762,2537.544
-174.228,2600.506 -207.846,2536.689
-304.711,2644.950 -315.537,2635.263
-146.383,2721.245 -231.799,2748.643
-318.827,2503.676 -410.689,2450.492
1970.606,-4753.629 2129.887,-4642.942
1860.528,-4847.941 1954.672,-4803.785
1965.503,-4917.925 1970.501,-4839.610
2001.327,-4932.088 2062.146,-4899.596
2064.646,-4968.746 2074.644,-4922.090
2099.638,-5000.405 2134.629,-4983.742
2102.137,-5062.890 2141.294,-5013.735
2180.452,-5059.558 2229.607,-5047.061
2187.117,-5096.216 2253.768,-5084.552
2125.465,-5126.209 2191.282,-5138.706
1892.809,-4713.944 1991.118,-4609.188
2084.593,-4799.360 2237.697,-4800.971
2005.623,-4543.111 2136.165,-4573.732
2234.474,-4668.818 2321.501,-4775.185
2207.076,-4857.378 2387.578,-4883.164
2286.045,-4971.803 2408.529,-4907.338
2337.617,-4665.595 2419.810,-4825.146
2053.972,-4617.246 2189.348,-4597.907
2023.351,-4770.350 2173.232,-4697.827
2173.232,-4881.552 2269.929,-4942.794
2402.082,-5107.180 2532.624,-4979.861
2321.501,-4404.512 2539.070,-4751.011
1865.412,-4937.959 1896.033,-4886.387
1873.470,-4752.623 1864.606,-4698.633
2270.975,-4487.928 2273.539,-4431.233
2202.314,-4640.917 2248.183,-4583.653
2253.026,-4647.755 2332.512,-4734.649
2137.073,-4749.463 2226.530,-4704.450
2193.482,-4843.480 2299.179,-4832.938
2325.675,-4828.665 2383.509,-4828.950
2459.292,-4826.101 2483.793,-4733.224
2366.415,-4686.501 2367.840,-4599.038
2292.342,-4521.830 2307.441,-4494.765
2183.796,-4429.809 2237.357,-4376.248
-5218.049,1196.271 -5415.125,1134.178
-5172.155,1285.360 -5309.839,1288.060
-5155.957,1080.185 -5093.864,904.706
-5158.657,1190.872 -5334.136,1031.590
-5266.644,1234.066 -5412.426,1185.472
-5442.122,988.396 -5299.040,883.108
-5307.139,988.396 -5050.669,845.312
-5037.171,788.619 -5236.947,804.817
-5226.148,869.610 -5369.232,845.313
-5477.219,1072.086 -5504.216,953.300
-5501.515,821.015 -5339.535,723.827
-5563.609,861.511 -5641.900,842.613
-5101.963,524.051 -5196.452,456.559
-5074.966,480.856 -5182.954,399.865
-5663.281,872.918 -5644.119,813.765
-5253.378,619.645 -5355.020,596.317
-5560.805,832.094 -5487.489,792.104
-5581.633,824.596 -5622.457,818.764
-5230.050,652.970 -5169.231,593.818
-5000.189,1196.669 -4934.113,1062.904
-5217.758,1033.895 -5396.648,1000.051
-5567.481,1041.953 -5712.527,958.149
-4824.966,853.741 -4862.573,786.505
-4799.895,965.990 -4799.041,917.273
-4898.755,1082.514 -4879.097,972.258
-4839.781,1026.389 -4842.915,999.323
-4807.872,997.329 -4854.881,938.355
-4718.415,906.162 -4784.511,887.359
-4909.296,885.649 -4900.749,812.716
-5045.762,948.612 -5079.380,884.795
-5176.245,993.056 -5187.071,983.369
-5103.333,1096.749 -5017.917,1069.351
-5190.361,851.782 -5282.223,798.598
-5462.725,924.305 -5462.725,834.054
-289.025,-4922.197 -43.354,-4822.308
-205.335,-5086.877 21.438,-4957.292
-151.341,-4800.711 -62.252,-4684.625
-75.750,-4924.896 45.736,-4862.804
-229.632,-4965.391 -116.245,-4992.388
102.908,-4802.860 194.770,-4849.598
22.326,-5025.264 90.015,-4960.800
-151.729,-5254.115 -95.322,-5097.788
-63.090,-5178.369 162.538,-5023.653
-1509.519,5505.677 -1706.596,5443.584
-1463.624,5594.767 -1601.308,5597.466
-1385.334,5214.112 -1447.426,5389.591
-1450.126,5500.278 -1625.605,5340.997
-1558.113,5543.473 -1703.896,5494.878
-1590.510,5192.514 -1733.593,5297.802
-1342.139,5154.719 -1598.609,5297.802
-1328.640,5098.025 -1528.417,5114.223
-1517.618,5179.016 -1660.701,5154.719
-1768.688,5381.492 -1795.685,5262.706
-1631.005,5033.233 -1792.985,5130.422
-1460.701,4903.224 -1521.519,4962.376
-1225.582,5372.311 -1291.659,5506.075
-1509.228,5343.301 -1688.118,5309.457
-1091.365,5275.397 -1090.510,5226.679
-1190.224,5391.920 -1170.566,5281.664
-1131.251,5335.795 -1134.385,5308.730
-1099.342,5306.735 -1146.350,5247.762
-1200.766,5195.056 -1192.219,5122.122
-1337.231,5258.018 -1370.849,5194.201
-1467.715,5302.462 -1478.541,5292.775
-1309.387,5378.757 -1394.803,5406.155
-1481.830,5161.188 -1573.693,5108.004
-1754.195,5233.711 -1754.195,5143.460
-849.801,1148.777 -1084.673,1205.470
-938.891,1286.460 -1009.082,1227.067
-793.108,1048.888 -979.386,1062.387
-1052.277,978.697 -1230.456,935.502
-814.705,1027.291 -1011.782,927.403
-1120.987,1170.502 -1110.989,1117.181
-1046.005,1167.170 -1063.501,1108.017
-1002.682,1108.850 -1047.671,1077.191
-970.189,1031.368 -1035.174,1051.364
-1060.168,1076.358 -1074.331,1035.534
-1151.813,1146.341 -1156.812,1094.687
-1035.174,1003.042 -1119.321,998.876
-1063.501,949.721 -1045.172,899.733
-5850.505,2970.292 -5910.491,2941.966
-711.084,1108.850 -816.892,1116.348
-906.871,1104.684 -977.688,1162.171
-830.223,1226.322 -946.862,1224.656
-1329.271,963.885 -1371.761,941.390
-1184.305,1045.532 -1243.458,1013.040
-1158.826,904.087 -1047.624,815.447
-925.141,860.573 -1033.120,781.603
576.047,-1115.626 738.027,-1061.633
365.472,-1013.038 549.050,-942.847
627.949,-821.185 722.094,-777.029
732.924,-891.168 737.923,-812.853
768.749,-905.331 829.568,-872.839
832.068,-941.989 842.065,-895.334
867.059,-973.649 902.051,-956.986
869.559,-1036.134 908.716,-986.979
947.873,-1032.801 997.028,-1020.304
954.539,-1069.459 1021.189,-1057.795
892.887,-1099.452 958.704,-1111.949
824.569,-1229.421 869.559,-1137.776
748.754,-1235.253 799.575,-1259.414
668.773,-1346.893 690.435,-1283.575
563.534,-1015.958 708.580,-948.270
547.418,-1231.916 623.164,-1181.955
613.494,-1027.240 758.540,-962.775
724.696,-1151.334 802.054,-1038.521
826.228,-1404.359 1003.507,-1230.304
459.584,-1018.376 540.165,-997.424
496.651,-1034.492 586.096,-1059.472
632.834,-911.203 663.454,-859.631
755.317,-1156.169 832.675,-1069.142
-663.158,-1142.636 -433.686,-1166.933
-763.047,-1215.527 -574.069,-1345.112
-665.858,-1080.543 -428.286,-1107.540
-689.322,-1419.814 -568.517,-1365.660
-790.965,-1243.189 -715.982,-1289.844
-917.601,-1191.534 -950.093,-1264.017
-907.604,-1261.518 -835.121,-1335.667
-862.614,-1409.816 -727.646,-1431.478
-651.586,-1446.251 -545.219,-1407.572
-554.889,-1314.097 -459.803,-1351.165
-2030.626,2929.891 -2216.904,2943.390
-1887.543,2759.811 -2060.322,2684.220
-2052.223,2908.294 -2249.300,2808.406
-1825.450,3016.281 -1998.230,3037.879
-1984.731,3202.559 -2063.022,3183.661
-1806.552,2765.211 -1952.335,2543.837
-2036.025,2740.914 -2176.408,2686.920
-2283.523,3048.173 -2301.018,2989.020
-2240.199,2989.853 -2285.189,2958.194
-2207.707,2912.371 -2272.692,2932.367
-2297.686,2957.361 -2311.849,2916.537
-2272.692,2884.045 -2356.838,2879.879
-2301.018,2830.724 -2282.689,2780.736
-2014.420,2900.708 -2074.405,2872.381
-1841.127,2952.362 -1936.105,2904.040
-1948.602,2989.853 -2054.410,2997.351
-2144.389,2985.687 -2215.205,3043.174
-2067.740,3107.325 -2184.379,3105.659
-2084.403,3213.967 -2065.241,3154.814
-1908.611,3133.152 -1981.927,3173.143
-2002.756,3165.645 -2043.579,3159.813
-1828.630,2943.198 -1868.621,2878.213
-1950.268,2659.931 -2009.421,2645.768
-1986.992,2614.257 -1993.438,2514.337
-1651.774,2759.304 -1753.306,2760.915
-1966.041,3109.026 -2053.068,3054.231
-2790.471,5592.566 -2974.050,5452.182
-2917.356,5260.505 -3152.228,5317.198
-3006.446,5398.189 -3076.637,5338.796
-2860.663,5160.617 -3046.941,5174.115
-2717.580,4990.537 -2890.359,4914.946
-2882.260,5139.019 -3079.337,5039.131
-2655.487,5247.006 -2828.267,5268.604
-2814.768,5433.284 -2893.059,5414.387
-2636.590,4995.936 -2782.372,4774.562
-2866.062,4971.639 -3006.446,4917.645
-3188.542,5282.230 -3178.544,5228.910
-3113.560,5278.898 -3131.056,5219.745
-3070.237,5220.578 -3115.226,5188.919
-3037.744,5143.097 -3102.729,5163.092
-3127.723,5188.086 -3141.886,5147.262
-3219.368,5258.070 -3224.367,5206.415
-3102.729,5114.770 -3186.876,5110.605
-3131.056,5061.449 -3112.727,5011.461
-2844.457,5131.433 -2904.443,5103.106
-2671.165,5183.087 -2766.142,5134.765
-2778.639,5220.578 -2884.447,5228.077
-2974.426,5216.413 -3045.243,5273.899
-2897.778,5338.051 -3014.417,5336.384
-2914.440,5444.692 -2895.278,5385.539
-2738.649,5363.878 -2811.965,5403.868
-2832.793,5396.370 -2873.617,5390.538
-2658.668,5173.923 -2698.658,5108.938
-2780.305,4890.657 -2839.458,4876.493
-2817.029,4844.983 -2823.475,4745.062
-2481.811,4990.029 -2583.344,4991.641
-5789.748,-1302.071 -5934.794,-1385.875
-2796.078,5339.751 -2883.105,5284.956
-3282.577,5258.083 -3342.563,5229.756
-3216.759,5347.228 -3322.567,5354.726
2480.372,494.691 2639.654,605.378
2480.372,813.254 2466.874,1015.730
2831.331,624.276 2596.459,842.950
2511.094,316.232 2571.913,348.724
2574.413,279.574 2584.410,326.230
2609.404,247.915 2644.396,264.578
2690.218,188.762 2739.373,201.259
2310.713,639.132 2338.111,730.995
2402.576,534.376 2500.885,639.132
2747.463,447.349 2594.359,448.960
2645.931,674.588 2515.390,705.209
2831.268,473.135 2744.240,579.502
2897.345,365.156 2716.843,390.942
2795.812,276.517 2918.296,340.982
2929.577,423.174 2847.384,582.725
2410.634,716.490 2341.334,782.567
2699.115,650.413 2563.738,631.074
2533.118,477.970 2682.998,550.493
2779.696,305.526 2682.998,366.768
3048.837,497.309 2831.268,843.808
2383.237,495.698 2374.373,549.687
2396.935,652.831 2492.827,681.034
2369.538,852.672 2323.606,885.710
2548.428,959.845 2485.172,1055.334
2718.051,873.220 2593.150,916.734
2780.741,760.392 2783.305,817.087
2712.081,607.403 2757.949,664.667
2842.279,513.671 2762.793,600.565
2646.839,498.857 2736.297,543.870
2808.946,415.382 2703.249,404.840
2893.276,419.370 2835.442,419.655
2969.058,422.219 2993.560,515.096
2876.182,561.819 2877.606,649.282
2802.109,726.490 2817.208,753.555
2693.563,818.511 2747.123,872.072
2663.079,952.698 2617.210,1041.301
2576.470,1068.367 2539.718,1141.585
-294.047,5727.238 -491.123,5665.145
-248.152,5816.328 -385.836,5819.027
243.190,5270.992 -32.178,5546.359
-169.861,5435.673 -231.954,5611.152
-234.654,5721.839 -410.133,5562.558
-342.641,5765.034 -488.424,5716.439
-375.037,5414.075 -518.120,5519.363
94.707,5214.299 -83.472,5300.689
-126.667,5376.280 -383.136,5519.363
-113.168,5319.586 -312.945,5335.784
-302.146,5400.577 -445.229,5376.280
-553.216,5603.053 -580.213,5484.267
-736.184,5374.253 -809.500,5414.244
-10.110,5593.872 -76.187,5727.636
-293.756,5564.862 -472.646,5531.018
83.364,5176.461 -9.304,5194.995
99.036,5384.708 61.430,5317.472
138.922,5204.653 121.258,5254.225
315.843,5325.734 250.032,5386.417
124.962,5448.240 124.107,5496.958
44.906,5503.225 25.248,5613.481
84.222,5557.356 81.088,5530.291
116.130,5528.296 69.122,5469.323
205.588,5437.129 139.492,5418.326
159.435,5291.831 116.985,5283.569
23.254,5343.683 14.707,5416.617
-121.759,5479.579 -155.377,5415.762
-252.242,5524.023 -263.068,5514.336
-93.914,5600.318 -179.331,5627.716
-266.358,5382.749 -358.221,5329.565
-538.722,5455.272 -538.722,5365.021
-5405.089,2303.543 -5588.667,2163.159
-5531.974,1971.482 -5766.846,2028.175
-5621.064,2109.166 -5691.255,2049.773
-5475.281,1871.594 -5661.559,1885.092
-5332.198,1701.514 -5504.976,1625.923
-5496.878,1849.996 -5693.955,1750.108
-5270.105,1957.984 -5442.884,1979.581
-5429.386,2144.261 -5507.677,2125.364
-5251.207,1706.913 -5396.989,1485.540
-5480.680,1682.616 -5621.064,1628.623
-5803.160,1993.208 -5793.162,1939.887
-5728.178,1989.875 -5745.673,1930.722
-5684.855,1931.556 -5729.844,1899.896
-5652.362,1854.074 -5717.347,1874.069
-5742.341,1899.063 -5756.504,1858.240
-5833.986,1969.047 -5838.985,1917.392
-5717.347,1825.747 -5801.494,1821.582
-5745.673,1772.427 -5727.344,1722.438
-5459.075,1842.410 -5519.061,1814.083
-5285.782,1894.064 -5380.760,1845.743
-5393.257,1931.556 -5499.064,1939.054
-5659.860,1984.876 -5589.044,1927.390
-5512.395,2049.028 -5629.034,2047.361
-5529.058,2155.669 -5509.896,2096.516
-5426.582,2114.845 -5353.266,2074.855
-5447.411,2107.347 -5488.235,2101.515
-5273.285,1884.900 -5313.276,1819.915
-5394.923,1601.634 -5454.075,1587.470
-5431.647,1555.960 -5438.093,1456.039
-5096.429,1701.006 -5197.961,1702.618
-5433.258,2324.704 -5578.304,2240.900
-5410.696,2050.728 -5497.723,1995.933
-3418.713,938.843 -3251.333,733.668
-3048.856,671.575 -2865.278,590.585
-3194.639,644.578 -3146.045,520.393
-2443.495,530.882 -2716.163,576.776
-2840.348,463.390 -2829.549,366.201
-3227.035,925.345 -3102.850,849.754
-2715.754,681.807 -2594.950,614.323
-2610.779,530.177 -2724.086,533.509
-2870.718,613.490 -2649.937,406.039
-2973.145,600.334 -2938.154,548.679
-3183.929,729.470 -3130.608,642.824
-3250.579,702.810 -3298.901,697.811
-2937.089,779.082 -3174.123,779.082
-2786.472,478.706 -2686.551,346.552
-1979.230,-5454.433 -1733.560,-5354.545
-5315.757,-3667.836 -5088.984,-3538.252
-2106.115,-5068.378 -1682.266,-5108.874
-2170.908,-5289.752 -1936.036,-5357.244
-1930.636,-5189.864 -1787.553,-5214.161
-2143.911,-4954.992 -1871.243,-5000.886
-1841.547,-5332.947 -1752.457,-5216.861
-1765.956,-5457.132 -1644.470,-5395.040
-5340.054,-3546.351 -5226.667,-3573.346
-2133.112,-5349.145 -2041.323,-5446.334
-2268.096,-5068.379 -2257.297,-5165.567
-2050.191,-4798.306 -2017.699,-4725.823
-2143.502,-4849.961 -2022.698,-4917.445
-2151.834,-4998.259 -2038.527,-5001.591
-2060.189,-5103.234 -1888.563,-5153.222
-2036.861,-5191.546 -1899.394,-5337.345
-1970.210,-5208.209 -1867.734,-5287.357
-2298.466,-4918.278 -2077.685,-5125.729
-2400.893,-4931.434 -2365.902,-4983.089
-5020.407,-3541.758 -5088.096,-3606.224
-5205.744,-3678.747 -5262.151,-3835.074
-5173.512,-3759.328 -4947.884,-3604.612
-2214.220,-5053.063 -2114.299,-5185.216
-4972.739,5314.477 -5248.106,5589.845
-5121.221,5257.784 -5299.400,5344.174
-5833.437,3817.637 -5992.718,3706.950
-4953.841,5214.589 -4940.343,5012.113
-5876.632,4055.209 -5641.759,3836.535
-5901.177,3560.983 -5961.996,3528.491
-5888.680,3538.488 -5898.678,3491.833
-5828.694,3476.836 -5863.686,3460.174
-5733.717,3413.518 -5782.872,3401.021
-5709.556,3376.027 -5776.207,3364.363
-5082.604,4929.854 -5110.002,4837.992
-5972.205,3851.391 -6070.514,3746.635
-5725.627,3659.608 -5878.731,3661.219
-4774.784,4873.447 -4905.325,4904.068
-5728.850,3791.761 -5641.822,3685.394
-5575.746,3577.415 -5756.248,3603.201
-5554.795,3553.240 -5677.278,3488.776
-5625.706,3794.984 -5543.513,3635.433
-5010.081,4915.350 -5079.381,4981.426
-4721.600,4849.273 -4856.977,4829.934
-5790.092,3762.751 -5939.973,3690.228
-5790.092,3579.026 -5693.394,3517.785
-5641.822,4056.067 -5424.253,3709.568
-5432.930,3572.653 -5424.066,3518.664
-4927.888,4879.894 -5023.780,4851.690
-5051.177,5051.532 -5097.109,5084.570
-5132.564,5219.946 -5225.233,5238.480
-5094.670,5297.710 -5077.007,5248.138
-4935.543,5254.193 -4872.287,5158.705
-4702.664,5072.080 -4827.565,5115.594
-5689.785,4029.346 -5692.349,3972.651
-5715.141,3876.926 -5761.009,3819.661
-5710.297,3812.824 -5630.811,3725.930
-5736.793,3756.129 -5826.251,3711.115
-5664.144,3627.640 -5769.841,3617.099
-5579.814,3631.629 -5637.649,3631.914
-5479.531,3727.354 -5504.032,3634.478
-5595.484,3861.541 -5596.908,3774.078
-5655.882,3965.814 -5670.982,3938.748
-5725.967,4084.331 -5779.528,4030.770
-4803.505,5240.161 -4757.637,5151.558
-4880.997,5340.445 -4844.245,5267.226
-4900.085,5369.220 -4965.897,5429.903
-5056.494,5335.317 -5098.944,5327.055
-3176.782,4788.989 -3408.380,4841.098
-5189.725,-2072.140 -5373.303,-2212.523
-5551.481,-2347.507 -5316.610,-2404.201
-5405.699,-2266.517 -5475.891,-2325.910
-5446.194,-2490.591 -5259.916,-2504.089
-5289.613,-2749.760 -5116.833,-2674.169
-5281.514,-2525.686 -5478.590,-2625.575
-5227.520,-2396.102 -5054.741,-2417.699
-5292.312,-2250.319 -5214.022,-2231.421
-5035.843,-2668.769 -5181.626,-2890.143
-5405.698,-2747.060 -5265.316,-2693.067
-5587.796,-2382.475 -5577.798,-2435.796
-5512.813,-2385.808 -5530.309,-2444.960
-5469.490,-2444.127 -5514.480,-2475.786
-5501.983,-2501.613 -5436.998,-2521.609
-5526.977,-2476.619 -5541.140,-2517.443
-5618.622,-2406.636 -5623.620,-2458.290
-5586.129,-2554.101 -5501.983,-2549.935
-5530.309,-2603.256 -5511.980,-2653.244
-5303.696,-2561.599 -5243.710,-2533.273
-5070.418,-2481.618 -5165.395,-2529.940
-5283.701,-2436.629 -5177.892,-2444.127
-5444.495,-2390.807 -5373.680,-2448.293
-5413.669,-2328.321 -5297.031,-2326.655
-5313.694,-2220.014 -5294.532,-2279.166
-5211.218,-2260.837 -5137.902,-2300.828
-5272.870,-2274.167 -5232.046,-2268.336
-5057.921,-2490.783 -5097.911,-2555.767
-5238.711,-2788.212 -5179.559,-2774.049
-5216.282,-2819.723 -5222.729,-2919.644
-4982.597,-2673.065 -4881.064,-2674.677
-5217.894,-2050.978 -5362.940,-2134.783
-5195.331,-2324.954 -5282.359,-2379.750
-5681.831,-2406.623 -5741.816,-2434.950
-5721.821,-2309.979 -5616.013,-2317.478
-5382.704,-697.955 -5579.780,-760.048
-5474.492,-606.166 -5336.809,-608.865
-5320.611,-814.041 -5258.518,-989.520
-5323.311,-703.354 -5498.789,-862.635
-5431.298,-660.159 -5577.081,-708.754
-5606.777,-905.830 -5463.694,-1011.118
-5471.792,-905.830 -5215.323,-1048.913
-5401.601,-1089.409 -5201.825,-1105.607
-5533.885,-1048.913 -5390.803,-1024.616
-5641.873,-822.140 -5668.870,-940.926
-5666.170,-1073.210 -5504.190,-1170.399
-5394.704,-1241.255 -5333.885,-1300.408
-5164.843,-697.557 -5098.767,-831.321
-5382.413,-860.331 -5561.302,-894.175
-4964.550,-928.235 -4963.695,-976.953
-5063.409,-811.712 -5043.751,-921.968
-5004.435,-867.837 -5007.569,-894.902
-4972.527,-896.897 -5019.535,-955.870
-5073.950,-1008.576 -5065.403,-1081.510
-5210.416,-945.614 -5244.034,-1009.431
-5340.899,-901.170 -5351.725,-910.857
-5267.987,-797.477 -5182.571,-824.875
-5355.015,-1042.444 -5446.877,-1095.628
-5627.380,-969.921 -5627.380,-1060.172
-75.674,5386.917 -76.528,5435.634
-155.730,5441.902 -175.388,5552.157
-116.414,5496.032 -119.548,5468.967
720.790,5887.475 523.713,5825.383
1780.865,5738.558 1643.182,5741.258
1258.026,5431.229 982.659,5706.597
844.975,5595.910 782.883,5771.389
780.183,5882.076 604.704,5722.795
672.196,5925.271 526.413,5876.677
639.800,5574.313 496.717,5679.600
1109.544,5374.536 931.365,5460.926
888.170,5536.517 631.700,5679.600
901.669,5479.824 701.892,5496.022
712.691,5560.814 569.608,5536.517
461.621,5763.290 434.624,5644.504
278.653,5534.491 205.337,5574.481
1004.727,5754.109 938.650,5887.874
721.081,5725.100 542.191,5691.256
1098.201,5336.698 1005.533,5355.232
1113.873,5544.945 1076.267,5477.710
1153.759,5364.890 1136.095,5414.462
1330.680,5485.972 1264.869,5546.655
1139.799,5608.478 1138.944,5657.195
1059.743,5663.463 1040.085,5773.718
1095.925,5690.528 1099.058,5717.593
1130.967,5688.534 1083.959,5629.560
1220.425,5597.367 1154.329,5578.563
1174.271,5452.069 1131.822,5443.807
1038.090,5503.920 1029.543,5576.854
893.077,5639.816 859.459,5575.999
762.594,5684.260 751.768,5674.574
920.922,5760.555 835.506,5787.953
748.479,5542.986 656.616,5489.803
476.114,5525.258 476.114,5615.509
399.402,-5017.152 645.073,-4917.264
483.093,-5181.833 709.866,-5052.248
537.086,-4895.666 626.176,-4779.580
612.677,-5019.852 734.163,-4957.759
458.795,-5060.347 572.182,-5087.344
791.335,-4897.816 883.198,-4944.553
710.754,-5120.220 778.442,-5055.755
536.698,-5349.071 593.105,-5192.743
625.338,-5273.324 850.965,-5118.608
